title: heat input tests
sol
  1  -1
# - - - - - - - - -
#1 atm
#2 heat source
#3 clay cap top
#4 clay cap hole (3200 to 3300)
#5 clay cap side (x=3300, y from 1000 to 4500)
#6 clay cap horizontal bottom
zone
2
-1 501 501 -1
-1 -1   1    1
3
0 3500 3500 000
4499   4499   4501   4501
4
3199 3301 3301 3199
4499 4499 4501 4501
5
3499 3501 3501 3499
999 999 4501 4501
6
3499 5001 5001 3499
999 999 1001 1001
9
3501 10001 10001 3501
-1   -1    4999  4999
1
-1 2500 2501 -1
5001 4801 5001 5001
7
2500 5001 5001 2500
4800 4999 5001 5001
8
5000 10001 10001 5000
4999 4999  5001  5001

# - - - - - - - 
hflx
1 201 1 -5e-6 0

pres
1 0 0 0.5  25.  1

cond
1 0 0 2. 2. 2.
-3 0 0 1.6 1.6 1.6
-4 0 0 1.6 1.6 1.6
-5 0 0 1.6 1.6 1.6
-6 0 0 1.6 1.6 1.6
-9 0 0 2.  2.  2.

rock
1 0 0  2500.  760.  0.1
-1 0 0 1000. 500. .99
-3 0 0 2200. 600. 0.05
-4 0 0 2200. 600. 0.05
-5 0 0 2200. 600. 0.05
-6 0 0 2200. 600. 0.05
-7 0 0 1000. 500. .99
-8 0 0 1000. 500. .99
-9 0 0 2500. 760.  0.1

perm
1 0 0 2.5e-14 2.5e-14 2.5e-14
-1 0 0 1e-10 1e-10 1e-10
-3 0 0 1e-16 1e-16 1e-16
-4 0 0 1e-14 1e-14 1e-14
-5 0 0 1e-16 1e-16 1e-16
-6 0 0 1e-16 1e-16 1e-16
-7 0 0 1e-10 1e-10 1e-10
-8 0 0 1e-10 1e-10 1e-10
-9 0 0 1e-16 1e-16 1e-16

ngas
3
1 0 0 -25.



boun
model 1
ti
  2 0. 1.e20
t
 25.  25.
pa
 0.1  0.1
pw
 0.1  0.1
model 2
ti
2  25.  25.
pw
 0.1 0.1
model 3
ti
8   0 365. 3650. 36500. 365000. 3650000.  5000000. 1.e20
t
  25.  50. 100.  150. 200. 250. 275. 300.
end
-1 0 0 1
-7 0 0 1
-8 0 0 1
-2 0 0 3

rlp
1  0.  0.  1.  1.  0.  1.

1 0 0 1

# time
time
 1.e-2  36500000. 2000000 1  2021  01  0
3650000 0.1  1   1000000 1000000

ctrl
   10  1e-5  8  100  gmre
   1 0 0  2

   1.0  2  1.0
   20  1.2 1e-10  5e6
   1  0
#
iter
1e-4 1e-4 1e-3 1e-2 1.2
   0    0    0   5  14000.
#
#
cont
tec 10000000 200000000.
p
l
va
temp
velocity
density
permeability
end
#
node
24
1 1011 2021 3031 4041 5051 6061 7071 8081 9091 10101 20101
21 1031 2041 3051 4061 5071 6081 7091 8101 9111 10111 20151
#
flxz
3
3 4 5
hist
csv years
mjs
temp
pres
flow
enthalpy
zflux
end
#
stop
