title: heat input tests
sol
  1  -1
# - - - - - - - - -
#1 and 7 atm
#2 heat source
#3 clay cap top
#4 clay cap hole (3200 to 3300)
#5 clay cap side (x=3300, y from 1000 to 4500)
#6 clay cap horizontal bottom
zone
2
-1 501 501 -1
-1 -1   1    1
3
0 3500 3500 000
4499   4499   4501   4501
4
3199 3301 3301 3199
4499 4499 4501 4501
5
3499 3501 3501 3499
999 999 4501 4501
6
3499 5001 5001 3499
999 999 1001 1001
9
3501 10001 10001 3501
-1   -1    4999  4999
1
-1 2500 2501 -1
5001 4801 5001 5001
7
2500 5001 5001 2500
4800 4999 5001 5001
8
5000 10001 10001 5000
4999 4999  5001  5001

# - - - - - - - 
flow
1 1 1 -0.0544182939715973 0.8435484085 0
2 2 1 -0.00211182230782077 0.8405675778 0
3 3 1 -0.00194531833088444 0.8327863579 0
4 4 1 -0.00171995052244705 0.8219363097 0
5 5 1 -0.00147229108362842 0.8095489122 0
6 6 1 -0.00122802667882152 0.7967848599 0
7 7 1 -0.00101043811693282 0.7844405784 0
8 8 1 -0.000818172978548026 0.7730107578 0
9 9 1 -0.000652725701601153 0.7627590414 0
10 10 1 -0.000513924555412024 0.7537817804 0
11 11 1 -0.000399772347933019 0.7460611697 0
12 12 1 -0.000307366078172123 0.7395076095 0
13 13 1 -0.000233498417450079 0.733992026 0
14 14 1 -0.000175025663468443 0.7293693785 0
15 15 1 -0.000129072602104677 0.7254945804 0
16 16 1 -9.31287762530331e-05 0.7222324368 0
17 17 1 -6.50754489461054e-05 0.7194629729 0
18 18 1 -4.31694711960202e-05 0.7170834461 0
19 19 1 -2.59725456228306e-05 0.7150045212 0
20 20 1 -3.87278981145218e-06 0.7131712373 0

hflx
1 201 1 -5e-6 0

#
cond
1 0 0 2. 2. 2.
-3 0 0 1.6 1.6 1.6
-4 0 0 1.6 1.6 1.6
-5 0 0 1.6 1.6 1.6
-6 0 0 1.6 1.6 1.6

rock
1 0 0  2500.  760.  0.1
-1 0 0 1000. 500. .99
-3 0 0 2200. 600. 0.05
-4 0 0 2200. 600. 0.05
-5 0 0 2200. 600. 0.05
-6 0 0 2200. 600. 0.05
-7 0 0 1000. 500. .99

perm
1 0 0 2.5e-14 2.5e-14 2.5e-14
-1 0 0 1e-10 1e-10 1e-10
-3 0 0 1e-16 1e-16 1e-16
-4 0 0 1e-14 1e-14 1e-14
-5 0 0 1e-16 1e-16 1e-16
-6 0 0 1e-16 1e-16 1e-16
-7 0 0 1e-10 1e-10 1e-10
-9 0 0 1e-16 1e-16 1e-16

ngas
3
1 0 0 -25.



pres
1 0 0 20.  25.  1

boun
model 1
ti
2   0. 1.e20
pw
  0.1 0.1
pa
  0.1 0.1
t
  25.  25.
end
-1 0 0 1
-7 0 0 1
-8 0 0 1

rlp
1  0.  0.  1.  1.  0.  1.

1 0 0 1

# time
time
 1.e-2  3650000. 2000000 1  2021  01  0
365000 0.1  1   1000000 1000000

ctrl
   10  1e-5  8  100  gmre
   1 0 0  2

   1.0  2  1.0
   20  1.2 1e-10  3500
   1  0
#
iter
1e-4 1e-4 1e-3 1e-2 1.2
   0    0    0   5  14000.
#
#
cont
surf 10000000 200000000.
xyz
p
l
temp
velocity
density
permeability
end
#
node
14
1 1011 2021 3031 4041 5051 6061
21 1031 2041 3051 4061 5071 6081
#
flxz
3
3 4 5
hist
csv years
zflux
end
#
stop
