title: heat input tests
sol
  1  -1
# - - - - - - - - -
#1 and 7 atm
#2 heat source
#3 clay cap top
#4 clay cap hole (3200 to 3300)
#5 clay cap side (x=3300, y from 1000 to 4500)
#6 clay cap horizontal bottom
zone
2
-1 501 501 -1
-1 -1   1    1
3
0 3500 3500 000
4499   4499   4501   4501
4
3199 3301 3301 3199
4499 4499 4501 4501
5
3499 3501 3501 3499
999 999 4501 4501
6
3499 5001 5001 3499
999 999 1001 1001
9
3501 10001 10001 3501
-1   -1    4999  4999
1
-1 2500 2501 -1
5001 4801 5001 5001
7
2500 5001 5001 2500
4800 4999 5001 5001
8
5000 10001 10001 5000
4999 4999  5001  5001

# - - - - - - - 
hflx
1 201 1 -5e-6 0

flow
1 1 1 -0.0544182939715973 0.8435484085 0
2 2 1 -0.00211182230782077 0.8405675778 0
3 3 1 -0.00194531833088444 0.8327863579 0
4 4 1 -0.00171995052244705 0.8219363097 0
5 5 1 -0.00147229108362842 0.8095489122 0
6 6 1 -0.00122802667882152 0.7967848599 0
7 7 1 -0.00101043811693282 0.7844405784 0
8 8 1 -0.000818172978548026 0.7730107578 0
9 9 1 -0.000652725701601153 0.7627590414 0
10 10 1 -0.000513924555412024 0.7537817804 0
11 11 1 -0.000399772347933019 0.7460611697 0
12 12 1 -0.000307366078172123 0.7395076095 0
13 13 1 -0.000233498417450079 0.733992026 0
14 14 1 -0.000175025663468443 0.7293693785 0
15 15 1 -0.000129072602104677 0.7254945804 0
16 16 1 -9.31287762530331e-05 0.7222324368 0
17 17 1 -6.50754489461054e-05 0.7194629729 0
18 18 1 -4.31694711960202e-05 0.7170834461 0
19 19 1 -2.59725456228306e-05 0.7150045212 0
20 20 1 -3.87278981145218e-06 0.7131712373 0
21 21 1 0 0.7115181938 0
22 22 1 6.91975530879015e-06 0.7100220842 0
23 23 1 1.37627506642676e-05 0.7086495952 0
24 24 1 1.92704972113095e-05 0.7073687259 0
25 25 1 2.37737337519772e-05 0.706155589 0
26 26 1 2.75217678970997e-05 0.7049922634 0
27 27 1 3.0700700765834e-05 0.7038652646 0
28 28 1 3.34515330261535e-05 0.7027643632 0
29 29 1 3.58824603537617e-05 0.7016817716 0
30 30 1 3.80777662273943e-05 0.7006114596 0
31 31 1 4.01050495860866e-05 0.6995486925 0
32 32 1 4.20203197145153e-05 0.6984896254 0
33 33 1 4.38720098093735e-05 0.6974310247 0
34 34 1 4.57041735641692e-05 0.6963700128 0
35 35 1 4.75590697758504e-05 0.695303884 0
36 36 1 4.94794298992193e-05 0.6942299085 0
37 37 1 5.1510511881491e-05 0.6931452005 0
38 38 1 5.37020672371642e-05 0.6920465691 0
39 39 1 5.61103419579746e-05 0.6909303611 0
40 40 1 5.88001958993439e-05 0.6897923249 0
41 41 1 6.18474071534802e-05 0.6886274321 0
42 42 1 6.53412432775947e-05 0.6874297256 0
43 43 1 6.93873388895872e-05 0.6861921107 0
44 44 1 7.41109315950247e-05 0.6849061403 0
45 45 1 7.96604558044848e-05 0.6835617774 0
46 46 1 8.6211495918788e-05 0.6821470995 0
47 47 1 9.3971016671234e-05 0.6806480326 0
48 48 1 0.0001031817501763 0.6790480016 0
49 49 1 0.000114126511140574 0.6773275939 0
50 50 1 0.000127132090969922 0.6754641947 0
51 51 1 0.000142572232786168 0.6734316663 0
52 52 1 0.000160868985444482 0.671200025 0
53 53 1 0.000187734624150837 0.6687352222 0
54 54 1 0.000212953302568169 0.6659990427 0
55 55 1 0.000242373141280828 0.66294921 0
56 56 1 0.000276503688384296 0.6595397741 0
57 57 1 0.000315841152681985 0.6557219224 0
58 58 1 0.00036083675084649 0.6514452824 0
59 59 1 0.000411801453171159 0.6466599708 0
60 60 1 0.000471174503943238 0.6413194195 0
61 61 1 0.00053729678373707 0.6353842665 0
62 62 1 0.000609949170211648 0.6288272549 0
63 63 1 0.000688564894843755 0.6216391548 0
64 64 1 0.000772178704244026 0.6138353211 0
65 65 1 0.000859410453829345 0.6054619593 0
66 66 1 0.000948506741663768 0.5966002514 0
67 67 1 0.00103746720125066 0.5873651656 0
68 68 1 0.00112428015091207 0.5778939662 0
69 69 1 0.00120728172357119 0.5683174501 0
70 70 1 0.00128562803667287 0.5587064092 0
71 71 1 5.37346421014153e-06 0.5477863208 0
72 72 1 5.47678758498627e-06 0.5370841973 0
73 73 1 5.52642607839303e-06 0.5277892686 0
74 74 1 5.55909445340701e-06 0.5187069324 0
75 75 1 5.57624211504493e-06 0.5098331912 0
76 76 1 5.57922947430099e-06 0.5011643282 0
77 77 1 5.56933490602532e-06 0.4926968944 0
78 78 1 5.54776073755583e-06 0.4844276592 0
79 79 1 5.51563741170898e-06 0.4763536072 0
80 80 1 5.47402691488408e-06 0.4684718809 0
81 81 1 5.42392515134437e-06 0.4607797955 0
82 82 1 5.36626413868962e-06 0.453274769 0
83 83 1 5.30191407665901e-06 0.445954342 0
84 84 1 5.23168511428038e-06 0.4388161253 0
85 85 1 5.15632964526273e-06 0.4318578007 0
86 86 1 5.07654427413765e-06 0.4250770961 0
87 87 1 4.99297220852259e-06 0.418471772 0
88 88 1 4.90620572416751e-06 0.4120396109 0
89 89 1 4.81678887780549e-06 0.4057784042 0
90 90 1 4.72521976881465e-06 0.3996859441 0
91 91 1 4.63195345891484e-06 0.393760015 0
92 92 1 4.5374044603154e-06 0.3879983876 0
93 93 1 4.44194929104924e-06 0.3823988129 0
94 94 1 4.34592893840309e-06 0.3769590171 0
95 95 1 4.24965129546788e-06 0.3716767002 0
96 96 1 4.15339345622745e-06 0.3665495324 0
97 97 1 4.05740395844043e-06 0.361575151 0
98 98 1 3.96190471993458e-06 0.3567511631 0
99 99 1 3.86709304699656e-06 0.3520751414 0
100 100 1 3.77314362921249e-06 0.3475446259 0
101 101 1 3.68021041374326e-06 0.343157126 0
102 102 1 3.58842819380304e-06 0.3389101194 0
103 103 1 3.49791385156344e-06 0.3348010543 0
104 104 1 3.40876782981442e-06 0.3308273519 0
105 105 1 3.32107575938246e-06 0.3269864082 0
106 106 1 3.23491000679303e-06 0.323275595 0
107 107 1 3.15033097303737e-06 0.3196922648 0
108 108 1 3.06738787215133e-06 0.3162337517 0
109 109 1 2.98611940676183e-06 0.312897375 0
110 110 1 2.90655484510648e-06 0.3096804406 0
111 111 1 2.82871512086183e-06 0.3065802466 0
112 112 1 2.75261381912222e-06 0.303594084 0
113 113 1 2.67825808281189e-06 0.3007192398 0
114 114 1 2.60564944743314e-06 0.2979530031 0
115 115 1 2.53478465686268e-06 0.2952926639 0
116 116 1 2.46565569315384e-06 0.2927355192 0
117 117 1 2.39825007099047e-06 0.290278874 0
118 118 1 2.3325516088096e-06 0.2879200455 0
119 119 1 2.26854108470059e-06 0.2856563637 0
120 120 1 2.20619669267456e-06 0.2834851777 0
121 121 1 2.14549447213049e-06 0.2814038547 0
122 122 1 2.08640861519766e-06 0.2794097851 0
123 123 1 2.02891179623885e-06 0.2775003843 0
124 124 1 1.97297544442895e-06 0.2756730936 0
125 125 1 1.91856998446957e-06 0.2739253847 0
126 126 1 1.86566508989289e-06 0.2722547604 0
127 127 1 1.81422984911927e-06 0.2706587571 0
128 128 1 1.76423298828949e-06 0.2691349452 0
129 129 1 1.71564301285977e-06 0.2676809336 0
130 130 1 1.66842835810549e-06 0.266294369 0
131 131 1 1.62255751314527e-06 0.2649729381 0
132 132 1 1.57799911377323e-06 0.2637143693 0
133 133 1 1.53472207435994e-06 0.2625164332 0
134 134 1 1.49269564587577e-06 0.261376944 0
135 135 1 1.45188947707311e-06 0.2602937616 0
136 136 1 1.41227369848628e-06 0.25926479 0
137 137 1 1.37381895036704e-06 0.2582879807 0
138 138 1 1.33649643630294e-06 0.2573613321 0
139 139 1 1.30027793382678e-06 0.2564828888 0
140 140 1 1.26513585271617e-06 0.255650745 0
141 141 1 1.23104322049476e-06 0.2548630419 0
142 142 1 1.19797371003287e-06 0.2541179696 0
143 143 1 1.16568676759913e-06 0.2534137656 0
144 144 1 1.13468751095478e-06 0.2527487182 0
145 145 1 1.10462261713805e-06 0.2521211616 0
146 146 1 1.07546932582769e-06 0.2515294795 0
147 147 1 1.04720544557182e-06 0.2509721038 0
148 148 1 1.01980937296212e-06 0.2504475129 0
149 149 1 9.93260077670987e-07 0.2499542336 0
150 150 1 9.67537095130693e-07 0.2494908385 0
151 151 1 9.42620511073141e-07 0.2490559475 0
152 152 1 9.18490935738654e-07 0.2486482246 0
153 153 1 8.95129505877087e-07 0.2482663798 0
154 154 1 8.72517853562164e-07 0.2479091669 0
155 155 1 8.5063812201193e-07 0.2475753826 0
156 156 1 8.29472925829256e-07 0.2472638676 0
157 157 1 8.09005364752781e-07 0.2469735022 0
158 158 1 7.89219004198773e-07 0.2467032095 0
159 159 1 7.70097861316063e-07 0.2464519516 0
160 160 1 7.51626380315048e-07 0.246218729 0
161 161 1 7.33789455856405e-07 0.246002581 0
162 162 1 7.16572387707827e-07 0.2458025831 0
163 163 1 6.99960889838143e-07 0.2456178476 0
164 164 1 6.8394107978504e-07 0.2454475209 0
165 165 1 6.68499475584019e-07 0.2452907833 0
166 166 1 6.53622997666083e-07 0.2451468481 0
167 167 1 6.39298951419437e-07 0.2450149595 0
168 168 1 6.2551503880547e-07 0.2448943937 0
169 169 1 6.12551273778638e-07 0.2447844556 0
170 170 1 5.99872811158969e-07 0.2446844784 0
171 171 1 5.87701344959153e-07 0.2445938242 0
172 172 1 5.76025952919921e-07 0.2445118798 0
173 173 1 5.64836095398964e-07 0.2444380594 0
174 174 1 5.54121659531825e-07 0.2443718009 0
175 175 1 5.43872935909022e-07 0.244312566 0
176 176 1 5.34080645165001e-07 0.2442598405 0
177 177 1 5.24735918477595e-07 0.2442131307 0
178 178 1 5.15830318108491e-07 0.2441719657 0
179 179 1 5.07355846580213e-07 0.2441358947 0
180 180 1 4.99304921016905e-07 0.2441044873 0
181 181 1 4.91670420906151e-07 0.244077333 0
182 182 1 4.84445647035784e-07 0.2440540396 0
183 183 1 4.77624345253924e-07 0.2440342346 0
184 184 1 4.71200699307921e-07 0.2440175628 0
185 185 1 4.65169326976493e-07 0.2440036883 0
186 186 1 4.59525273513336e-07 0.2439922929 0
187 187 1 4.54264005280067e-07 0.2439830755 0
188 188 1 4.49381398993532e-07 0.2439757535 0
189 189 1 4.44873730883639e-07 0.2439700626 0
190 190 1 4.40737659553948e-07 0.2439657558 0
191 191 1 4.36970213402305e-07 0.2439626048 0
192 192 1 4.33568769207769e-07 0.2439603991 0
193 193 1 4.30531037455311e-07 0.2439589482 0
194 194 1 4.27855040536488e-07 0.243958079 0
195 195 1 4.25539091180061e-07 0.2439576388 0
196 196 1 4.23581774319049e-07 0.2439574944 0
197 197 1 4.21981927698925e-07 0.2439575317 0
198 198 1 4.20738629197848e-07 0.2439576588 0
199 199 1 4.19851181692326e-07 0.2439578015 0
200 200 1 4.19319113331849e-07 0.2439579079 0
201 201 1 2.09570802282392e-07 0.2439579471 0

#
cond
1 0 0 2. 2. 2.
-3 0 0 1.6 1.6 1.6
-4 0 0 1.6 1.6 1.6
-5 0 0 1.6 1.6 1.6
-6 0 0 1.6 1.6 1.6
-9 0 0 2. 2. 2.

rock
1 0 0  2500.  760.  0.1
-1 0 0 1000. 500. .99
-3 0 0 2200. 600. 0.05
-4 0 0 2200. 600. 0.05
-5 0 0 2200. 600. 0.05
-6 0 0 2200. 600. 0.05
-7 0 0 1000. 500. .99

perm
1 0 0 2.5e-14 2.5e-14 2.5e-14
-1 0 0 1e-10 1e-10 1e-10
-3 0 0 1e-16 1e-16 1e-16
-4 0 0 1e-14 1e-14 1e-14
-5 0 0 1e-16 1e-16 1e-16
-6 0 0 1e-16 1e-16 1e-16
-7 0 0 1e-10 1e-10 1e-10
-8 0 0 1e-10 1e-10 1e-10
-9 0 0 1e-16 1e-16 1e-16

ngas
3
1 0 0 -25.



pres
1 0 0 20.  25.  1

boun
model 1
ti
2   1e-2 1.e20
pw
  0.1 0.1
pa
  0.1 0.1
t
  25.  25.
end
-1 0 0 1
-7 0 0 1
-8 0 0 1

rlp
1  0.  0.  1.  1.  0.  1.

1 0 0 1

# time
time
 1.e-2  3650000. 2000000 1  2021  01  0
365000 0.1  1   1000000 1000000

ctrl
   10  1e-5  8  100  gmre
   1 0 0  2

   1.0  2  1.0
   20  1.2 1e-10  3500
   1  0
#
iter
1e-4 1e-4 1e-3 1e-2 1.2
   0    0    0   5  14000.
#
#
cont
surf 10000000 200000000.
xyz
p
l
temp
velocity
density
permeability
end
#
node
14
1 1011 2021 3031 4041 5051 6061
21 1031 2041 3051 4061 5071 6081
#
flxz
3
3 4 5
hist
csv years
zflux
end
#
stop
